  TEMPO   H     FO   dHdt     dFOdt
  0.000  1.000  0.500
  0.100  1.025  0.475  0.250 -0.250
  0.200  1.050  0.450  0.250 -0.250
  0.300  1.075  0.425  0.250 -0.250
  0.400  1.100  0.400  0.250 -0.250
  0.500  1.125  0.375  0.250 -0.250
  0.600  1.150  0.350  0.250 -0.250
  0.700  1.175  0.325  0.250 -0.250
  0.800  1.200  0.300  0.250 -0.250
  0.900  1.225  0.275  0.250 -0.250
  1.000  1.250  0.250  0.250 -0.250
  1.100  1.275  0.225  0.250 -0.250
  1.200  1.300  0.200  0.250 -0.250
  1.300  1.325  0.175  0.250 -0.250
  1.400  1.350  0.150  0.250 -0.250
  1.500  1.375  0.125  0.250 -0.250
  1.600  1.400  0.100  0.250 -0.250
  1.700  1.425  0.075  0.250 -0.250
  1.800  1.450  0.050  0.250 -0.250
  1.900  1.475  0.025  0.250 -0.250
  2.000  1.500  0.000  0.250 -0.250
  2.100  1.500 -0.000  0.000  0.000
  2.200  1.500 -0.000  0.000  0.000
  2.300  1.500 -0.000  0.000  0.000
  2.400  1.500 -0.000  0.000  0.000
  2.500  1.500 -0.000  0.000  0.000
  2.600  1.500 -0.000  0.000  0.000
  2.700  1.500 -0.000  0.000  0.000
  2.800  1.500 -0.000  0.000  0.000
  2.900  1.500 -0.000  0.000  0.000
  3.000  1.500 -0.000  0.000  0.000
  3.100  1.500 -0.000  0.000  0.000
  3.200  1.500 -0.000  0.000  0.000
  3.300  1.500 -0.000  0.000  0.000
  3.400  1.500 -0.000  0.000  0.000
  3.500  1.500 -0.000  0.000  0.000
  3.600  1.500 -0.000  0.000  0.000
  3.700  1.500 -0.000  0.000  0.000
  3.800  1.500 -0.000  0.000  0.000
  3.900  1.500 -0.000  0.000  0.000
  4.000  1.500 -0.000  0.000  0.000
  4.100  1.500 -0.000  0.000  0.000
  4.200  1.500 -0.000  0.000  0.000
  4.300  1.500 -0.000  0.000  0.000
  4.400  1.500 -0.000  0.000  0.000
  4.500  1.500 -0.000  0.000  0.000
  4.600  1.500 -0.000  0.000  0.000
  4.700  1.500 -0.000  0.000  0.000
  4.800  1.500 -0.000  0.000  0.000
  4.900  1.500 -0.000  0.000  0.000
  5.000  1.500 -0.000  0.000  0.000
  5.100  1.500 -0.000  0.000  0.000
  5.200  1.500 -0.000  0.000  0.000
  5.300  1.500 -0.000  0.000  0.000
  5.400  1.500 -0.000  0.000  0.000
  5.500  1.500 -0.000  0.000  0.000
  5.600  1.500 -0.000  0.000  0.000
  5.700  1.500 -0.000  0.000  0.000
  5.800  1.500 -0.000  0.000  0.000
  5.900  1.500 -0.000  0.000  0.000
  6.000  1.500 -0.000  0.000  0.000
  6.100  1.500 -0.000  0.000  0.000
  6.200  1.500 -0.000  0.000  0.000
  6.300  1.500 -0.000  0.000  0.000
  6.400  1.500 -0.000  0.000  0.000
  6.500  1.500 -0.000  0.000  0.000
  6.600  1.500 -0.000  0.000  0.000
  6.700  1.500 -0.000  0.000  0.000
  6.800  1.500 -0.000  0.000  0.000
  6.900  1.500 -0.000  0.000  0.000
  7.000  1.500 -0.000  0.000  0.000
  7.100  1.500 -0.000  0.000  0.000
  7.200  1.500 -0.000  0.000  0.000
  7.300  1.500 -0.000  0.000  0.000
  7.400  1.500 -0.000  0.000  0.000
  7.500  1.500 -0.000  0.000  0.000
  7.600  1.500 -0.000  0.000  0.000
  7.700  1.500 -0.000  0.000  0.000
  7.800  1.500 -0.000  0.000  0.000
  7.900  1.500 -0.000  0.000  0.000
  8.000  1.500 -0.000  0.000  0.000
  8.100  1.500 -0.000  0.000  0.000
  8.200  1.500 -0.000  0.000  0.000
  8.300  1.500 -0.000  0.000  0.000
  8.400  1.500 -0.000  0.000  0.000
  8.500  1.500 -0.000  0.000  0.000
  8.600  1.500 -0.000  0.000  0.000
  8.700  1.500 -0.000  0.000  0.000
  8.800  1.500 -0.000  0.000  0.000
  8.900  1.500 -0.000  0.000  0.000
  9.000  1.500 -0.000  0.000  0.000
  9.100  1.500 -0.000  0.000  0.000
  9.200  1.500 -0.000  0.000  0.000
  9.300  1.500 -0.000  0.000  0.000
  9.400  1.500 -0.000  0.000  0.000
  9.500  1.500 -0.000  0.000  0.000
  9.600  1.500 -0.000  0.000  0.000
  9.700  1.500 -0.000  0.000  0.000
  9.800  1.500 -0.000  0.000  0.000
  9.900  1.500 -0.000  0.000  0.000
 10.000  1.500 -0.000  0.000  0.000
 10.100  1.500 -0.000  0.000  0.000
 10.200  1.500 -0.000  0.000  0.000
 10.300  1.500 -0.000  0.000  0.000
 10.400  1.500 -0.000  0.000  0.000
 10.500  1.500 -0.000  0.000  0.000
 10.600  1.500 -0.000  0.000  0.000
 10.700  1.500 -0.000  0.000  0.000
 10.800  1.500 -0.000  0.000  0.000
 10.900  1.500 -0.000  0.000  0.000
 11.000  1.500 -0.000  0.000  0.000
 11.100  1.500 -0.000  0.000  0.000
 11.200  1.500 -0.000  0.000  0.000
 11.300  1.500 -0.000  0.000  0.000
 11.400  1.500 -0.000  0.000  0.000
 11.500  1.500 -0.000  0.000  0.000
 11.600  1.500 -0.000  0.000  0.000
 11.700  1.500 -0.000  0.000  0.000
 11.800  1.500 -0.000  0.000  0.000
 11.900  1.500 -0.000  0.000  0.000
 12.000  1.500 -0.000  0.000  0.000
 12.100  1.500 -0.000  0.000  0.000
 12.200  1.500 -0.000  0.000  0.000
 12.300  1.500 -0.000  0.000  0.000
 12.400  1.500 -0.000  0.000  0.000
 12.500  1.500 -0.000  0.000  0.000
 12.600  1.500 -0.000  0.000  0.000
 12.700  1.500 -0.000  0.000  0.000
 12.800  1.500 -0.000  0.000  0.000
 12.900  1.500 -0.000  0.000  0.000
 13.000  1.500 -0.000  0.000  0.000
 13.100  1.500 -0.000  0.000  0.000
 13.200  1.500 -0.000  0.000  0.000
 13.300  1.500 -0.000  0.000  0.000
 13.400  1.500 -0.000  0.000  0.000
 13.500  1.500 -0.000  0.000  0.000
 13.600  1.500 -0.000  0.000  0.000
 13.700  1.500 -0.000  0.000  0.000
 13.800  1.500 -0.000  0.000  0.000
 13.900  1.500 -0.000  0.000  0.000
 14.000  1.500 -0.000  0.000  0.000
 14.100  1.500 -0.000  0.000  0.000
 14.200  1.500 -0.000  0.000  0.000
 14.300  1.500 -0.000  0.000  0.000
 14.400  1.500 -0.000  0.000  0.000
 14.500  1.500 -0.000  0.000  0.000
 14.600  1.500 -0.000  0.000  0.000
 14.700  1.500 -0.000  0.000  0.000
 14.800  1.500 -0.000  0.000  0.000
 14.900  1.500 -0.000  0.000  0.000
 15.000  1.500 -0.000  0.000  0.000
 15.100  1.500 -0.000  0.000  0.000
 15.200  1.500 -0.000  0.000  0.000
 15.300  1.500 -0.000  0.000  0.000
 15.400  1.500 -0.000  0.000  0.000
 15.500  1.500 -0.000  0.000  0.000
 15.600  1.500 -0.000  0.000  0.000
 15.700  1.500 -0.000  0.000  0.000
 15.800  1.500 -0.000  0.000  0.000
 15.900  1.500 -0.000  0.000  0.000
 16.000  1.500 -0.000  0.000  0.000
 16.100  1.500 -0.000  0.000  0.000
 16.200  1.500 -0.000  0.000  0.000
 16.300  1.500 -0.000  0.000  0.000
 16.400  1.500 -0.000  0.000  0.000
 16.500  1.500 -0.000  0.000  0.000
 16.600  1.500 -0.000  0.000  0.000
 16.700  1.500 -0.000  0.000  0.000
 16.800  1.500 -0.000  0.000  0.000
 16.900  1.500 -0.000  0.000  0.000
 17.000  1.500 -0.000  0.000  0.000
 17.100  1.500 -0.000  0.000  0.000
 17.200  1.500 -0.000  0.000  0.000
 17.300  1.500 -0.000  0.000  0.000
 17.400  1.500 -0.000  0.000  0.000
 17.500  1.500 -0.000  0.000  0.000
 17.600  1.500 -0.000  0.000  0.000
 17.700  1.500 -0.000  0.000  0.000
 17.800  1.500 -0.000  0.000  0.000
 17.900  1.500 -0.000  0.000  0.000
 18.000  1.500 -0.000  0.000  0.000
 18.100  1.500 -0.000  0.000  0.000
 18.200  1.500 -0.000  0.000  0.000
 18.300  1.500 -0.000  0.000  0.000
 18.400  1.500 -0.000  0.000  0.000
 18.500  1.500 -0.000  0.000  0.000
 18.600  1.500 -0.000  0.000  0.000
 18.700  1.500 -0.000  0.000  0.000
 18.800  1.500 -0.000  0.000  0.000
 18.900  1.500 -0.000  0.000  0.000
 19.000  1.500 -0.000  0.000  0.000
 19.100  1.500 -0.000  0.000  0.000
 19.200  1.500 -0.000  0.000  0.000
 19.300  1.500 -0.000  0.000  0.000
 19.400  1.500 -0.000  0.000  0.000
 19.500  1.500 -0.000  0.000  0.000
 19.600  1.500 -0.000  0.000  0.000
 19.700  1.500 -0.000  0.000  0.000
 19.800  1.500 -0.000  0.000  0.000
 19.900  1.500 -0.000  0.000  0.000
 20.000  1.500 -0.000  0.000  0.000
